
[np.np.array([ 0.00460194, -1.13514578,  0.77159238,  0.8084079 ,  0.02607767,
        0.        ]), np.array([-0.39269909,  0.09817477,  0.2316311 ,  1.41126239, -0.46172822,
        0.        ]), np.array([-0.42337871,  0.15646605,  0.47093213,  1.10753417, -0.44638842,
        0.        ]), np.np.array([-0.42184472,  0.16413595,  0.46633017,  1.10906816, -0.44485444,
        1.        ]), np.array([-4.08038914e-01,  3.06796166e-03, -1.53398083e-03,  1.59994197e+00,
       -4.20310736e-01,  1.00000000e+00]), np.array([-1.29467988,  0.09970875,  0.18100974,  1.43427205, -1.31615555,
        1.        ]), np.array([-1.27934003,  0.2086214 ,  0.38042724,  1.1336118 , -1.27320409,
        1.        ]), np.array([-1.27780604,  0.2086214 ,  0.38349521,  1.12594187, -1.27320409,
        0.        ]), np.array([-1.22718465,  0.04755341, -0.24697091,  1.77941775, -1.26093221,
        0.        ]), np.array([ 0.4310486 , -0.01687379,  0.27611655,  1.43887401,  0.43871853,
        0.        ]), np.array([0.42798066, 0.13805827, 0.50467968, 1.06458271, 0.45252433,
       0.        ]), np.array([0.43411657, 0.1441942 , 0.50467968, 1.05691278, 0.45252433,
       1.        ]), np.array([ 0.35741752, -0.05215535,  0.0966408 ,  1.53551483,  0.37889326,
        1.        ]), np.array([-0.40497094,  0.06289321,  0.20248547,  1.44347596, -0.44332045,
        1.        ]), np.array([-0.39423308,  0.16106799,  0.46479619,  1.11827207, -0.43258259,
        1.        ]), np.array([-0.40497094,  0.17027187,  0.4632622 ,  1.10753417, -0.43565056,
        0.        ]), np.np.array([-0.39576706, -0.18867964, -0.00920388,  1.63215566, -0.36201948,
        0.        ]), np.np.array([-1.26400018,  0.03067962,  0.18714567,  1.46955359, -1.28394198,
        0.        ]), np.np.array([-1.27473807,  0.21015537,  0.39730105,  1.11673808, -1.28547597,
        0.        ]), np.np.array([-1.27627206,  0.21015537,  0.38809714,  1.11673808, -1.28547597,
        1.        ]), np.np.array([-1.19497108,  0.05675729, -0.02147573,  1.59227204, -1.13974774,
        1.        ]), np.array([0.43871853, 0.04755341, 0.30986413, 1.36217499, 0.40497094,
       1.        ]), np.array([0.42337871, 0.14879614, 0.51081562, 1.04157293, 0.42184472,
       1.        ]), np.array([0.39269909, 0.04601942, 0.45712629, 1.11827207, 0.38042724,
       0.        ]), np.array([ 0.40497094, -0.06135923,  0.12271847,  1.48335946,  0.41110685,
        0.        ]), np.array([-0.01073787, -1.17963123,  0.82374769,  0.67495155,  0.0076699 ,
        0.        ]), np.array([ 0.00306796, -1.22411668,  0.92805839,  0.83601958,  0.02300971,
        0.        ]), np.array([-0.41417482,  0.01994175,  0.17027187,  1.40972841, -0.37275735,
        0.        ]), np.array([-0.43871853,  0.05215535,  0.47706804,  1.10139823, -0.40343696,
        1.        ]), np.array([-0.41110685, -0.06749516, -0.0076699 ,  1.60607791, -0.39269909,
        1.        ]), np.array([-1.28394198,  0.07669904,  0.13038836,  1.48029149, -1.25786424,
        1.        ]), np.array([-1.31922352,  0.11351458,  0.38349521,  1.15968955, -1.26246619,
        0.        ]), np.array([-1.32075751,  0.05982525, -0.15800002,  1.77634978, -1.26246619,
        0.        ]), np.array([ 0.40036899, -0.02454369,  0.2239612 ,  1.41279638,  0.34514567,
        0.        ]), np.array([0.42184472, 0.05675729, 0.48933989, 1.10753417, 0.41110685,
       1.        ]), np.array([ 0.42031074, -0.05829127,  0.13038836,  1.51097107,  0.40497094,
        1.        ]), np.array([-0.40343696, -0.05522331,  0.24697091,  1.36524296, -0.41417482,
        1.        ]), np.array([-0.44025251,  0.07363108,  0.47706804,  1.11827207, -0.43871853,
        0.        ]), np.array([-0.42798066, -0.04295146,  0.08897088,  1.55392253, -0.42644668,
        0.        ]), np.array([-1.2931459 ,  0.09970875,  0.19328159,  1.3897866 , -1.23025262,
        0.        ]), np.array([-1.31308758,  0.12885439,  0.38349521,  1.13667977, -1.25633025,
        1.        ]), np.array([-1.27627206e+00,  5.82912713e-02,  1.53398083e-03,  1.58767021e+00,
       -1.19343710e+00,  1.00000000e+00]), np.array([ 0.39116511, -0.00920388,  0.20248547,  1.42506814,  0.37735927,
        1.        ]), np.array([0.41570881, 0.0398835 , 0.48627192, 1.13054383, 0.41264084,
       0.        ]), np.array([ 0.01994175, -1.11367011,  0.83448559,  0.77466035, -0.08130098,
        0.        ])]
